     222            0   -828924.14   -5.1547423   -44.797892    53.447975 
     300    1.3523423   -829001.68   -243.39743   -311.51612   -205.35452 
     400    2.6501066   -829092.74   -694.14882   -736.69201   -618.08999 
     500    3.7532799   -829183.23   -1024.8827   -1015.7324   -905.86986 
     600    5.0301575   -829277.04   -1191.3742   -1173.5672   -1043.9515 
     700    6.1051524   -829365.92   -1442.9046   -1388.2285    -1285.969 
     800    7.1447811    -829445.3     -1645.12   -1607.5919   -1507.4847 
     900    8.3850123   -829536.11   -1885.4353   -1831.3377   -1751.6926 
    1000    9.4591017   -829612.78   -2105.2895   -2059.1657    -1996.522 
    1100    10.452573   -829686.96   -2324.9377   -2269.8186   -2248.4929 
    1200    11.443056   -829761.43   -2532.7542   -2465.8673   -2402.0194 
    1300    12.514908      -829844   -2722.8872   -2706.2484   -2668.3246 
    1400    13.471838   -829926.82   -2914.5838   -2917.6169   -2883.1901 
    1500    14.269443   -829995.33    -3094.378   -3109.3172   -3013.4062 
    1600    15.207928   -830071.03   -3295.1417   -3278.4309   -3225.1813 
    1700    15.943085   -830135.63   -3494.6115     -3460.68   -3401.1057 
    1800    16.768355   -830209.29   -3649.6874   -3636.3543   -3610.2278 
    1900    17.562048    -830277.2   -3836.9705   -3786.4836   -3745.0121 
    2000    18.241725   -830340.72   -3979.8131   -3955.6624   -3931.3612 
    2100     18.95886   -830411.87   -4182.0333   -4174.6736   -4102.5194 
    2200    19.511905   -830472.59   -4318.4969   -4313.9175   -4233.2597 
    2300    20.233424   -830546.36   -4527.8127   -4481.5894   -4436.6084 
    2400    20.828363   -830605.98      -4674.6   -4637.3264   -4583.9331 
    2500    21.472808   -830671.12   -4836.8148   -4812.8297   -4762.1517 
    2600     22.06215   -830733.82   -4978.5337   -4894.4653   -4928.1185 
    2700    22.565016   -830791.26   -5141.0055   -5046.6014   -5039.2136 
    2800    23.068979   -830851.45   -5292.4581   -5222.7009   -5193.8841 
    2900    23.742388    -830912.8    -5455.327   -5354.7002   -5310.4137 
    3000    24.133425   -830973.01   -5562.8459   -5484.3248   -5469.3462 
    3100    24.633211   -831030.45   -5737.6016   -5582.5333     -5598.33 
    3200    25.082475   -831093.91   -5849.8518   -5719.5176   -5714.2045 
    3300    25.655915   -831161.82   -6047.6315   -5882.1864   -5903.3811 
    3400    26.122219   -831226.01    -6189.641   -5995.3527   -6052.4626 
    3500     26.47603   -831281.34   -6315.2653   -6146.9123   -6185.2302 
    3600    26.680217   -831332.59   -6391.1617    -6237.173   -6261.1402 
    3700    27.087398   -831397.27   -6547.3414   -6384.7936   -6398.3963 
    3800    27.524479   -831469.78   -6694.9664   -6518.9537   -6597.1103 
    3900    27.874262   -831529.02   -6812.9108   -6672.7554   -6733.0374 
    4000    28.150173   -831584.77   -6925.8556   -6774.9015   -6842.4161 
    4100    28.275359   -831637.92   -7072.7174   -6888.2779   -6967.1446 
    4200      28.5928   -831700.14   -7182.0349   -7015.0423   -7096.9556 
    4300    28.816938   -831762.28   -7324.8687   -7129.4003   -7217.8257 
    4400    29.089147   -831815.12   -7455.4247   -7284.9695   -7347.1978 
    4500    29.274025   -831873.78   -7563.0631   -7380.8485   -7468.3698 
    4600    29.477324    -831930.9   -7678.4673   -7478.8876   -7631.6977 
    4700    29.650468   -831990.57   -7841.0928   -7601.5856   -7736.5803 
    4800    29.696957   -832038.92   -7900.1943   -7665.5499   -7840.1414 
    4900    29.884948   -832089.28   -8014.3658    -7824.007   -7917.6763 
    5000    29.897511   -832142.23   -8133.5457   -7884.8207   -8028.0004 
    5100    30.025682   -832196.03   -8234.6267   -8017.4061   -8090.0101 
    5200    30.166308   -832255.71   -8326.5605   -8126.3859   -8250.1333 
    5300    30.268334   -832308.57   -8430.4291   -8205.5389   -8290.5827 
    5400    30.408125   -832365.31   -8517.6485    -8362.769   -8459.9047 
    5500    30.542049   -832421.81   -8604.9814    -8468.005   -8517.6397 
    5600    30.495044   -832476.75   -8752.8472   -8564.2306   -8636.4214 
    5700     30.76694   -832534.89   -8866.6931   -8657.6129   -8709.1051 
    5800    30.809987   -832585.74   -8944.2246   -8787.3303   -8815.6007 
    5900    30.828023    -832641.5   -9056.1231   -8889.0017   -8932.6443 
    6000    30.877892   -832693.47    -9156.555   -8995.4921   -9047.9695 
    6100     30.88957   -832747.52   -9279.9526   -9078.5029   -9153.5543 
    6200    30.943788   -832803.42   -9318.1418   -9178.5702   -9232.2487 
    6300    30.960577   -832858.65    -9442.556   -9252.8335   -9337.8326 
    6400    30.993006   -832910.34   -9548.1439   -9356.1881    -9422.641 
    6500    30.874622    -832964.4    -9654.621   -9461.6867   -9475.8377 
    6600    30.858535   -833013.85   -9751.5178   -9561.6048   -9629.1647 
    6700    30.821602   -833065.95   -9828.2725   -9658.5268   -9727.2787 
    6800    30.907451   -833122.15   -9913.4925   -9739.0924   -9817.0246 
    6900    30.732535   -833174.29    -10011.26   -9814.2654   -9893.8168 
    7000    30.885489   -833226.99   -10122.155   -9920.6349    -10007.37 
    7100    30.759469   -833279.23   -10174.561   -10019.334   -10078.647 
    7200    30.640167   -833326.19   -10275.031   -10093.105   -10173.961 
    7300    30.622989   -833381.99   -10352.689   -10194.072   -10262.958 
    7400    30.490658   -833430.48   -10484.029   -10279.089   -10350.994 
    7500    30.463659   -833477.65    -10528.84   -10368.663   -10414.651 
    7600    30.456379   -833524.28   -10610.525    -10451.61    -10513.24 
    7700    30.358328   -833572.41   -10713.173   -10536.151   -10588.654 
    7800    30.262965   -833623.26   -10784.073   -10637.619   -10684.439 
    7900    30.113256   -833671.07     -10863.4   -10711.421    -10768.38 
    8000    29.970871   -833718.27   -10964.357       -10792   -10841.353 
    8100    30.008093   -833767.26   -11031.755   -10882.516   -10948.847 
    8200     29.89982    -833814.7   -11143.894   -10969.444   -11013.869 
    8300    29.760402   -833863.57    -11223.66   -11052.232   -11085.566 
    8400    29.627076   -833908.89   -11307.998   -11156.357   -11171.208 
    8500     29.53761   -833955.08   -11376.063   -11209.238   -11243.608 
    8600    29.499113   -833999.64   -11449.637   -11331.599   -11326.225 
    8700    29.374535   -834042.75   -11512.579   -11390.819   -11406.472 
    8800    29.259101    -834088.4   -11578.245   -11446.809    -11491.31 
    8900    29.039034   -834133.69   -11642.947   -11541.702    -11575.79 
    9000    28.973935    -834182.5    -11754.19   -11665.889    -11680.02 
    9100    28.933459   -834227.99   -11822.923   -11732.633   -11737.945 
    9200    28.790484   -834268.06   -11871.617   -11768.017   -11797.314 
    9300    28.643638   -834309.36   -11971.662    -11846.83   -11882.831 
    9400    28.463543   -834356.27   -12063.552   -11904.463   -11967.127 
    9500    28.497668   -834403.28   -12116.891    -12045.12   -12054.309 
    9600    28.379014   -834450.97    -12228.11   -12117.991   -12132.936 
    9700    28.189253   -834494.49   -12260.493    -12143.11   -12201.098 
    9800    28.030217   -834541.51   -12372.938   -12227.534   -12273.354 
    9900    28.002234   -834581.66   -12479.781   -12289.245    -12309.84 
   10000    27.899883    -834628.9   -12536.789   -12404.381   -12421.687 
   10100    27.766081    -834675.1   -12613.415    -12435.13   -12483.161 
   10200    27.598521   -834712.92   -12683.393    -12531.28   -12556.383 
   10300    27.426749   -834751.82   -12765.322   -12585.164   -12577.061 
   10400    27.387501   -834791.13   -12805.265   -12680.224   -12636.278 
   10500    27.317684   -834834.59   -12902.825   -12722.548   -12743.315 
   10600    27.125738   -834873.92   -12948.403   -12810.845   -12812.616 
   10700    26.866413   -834910.62   -12999.753   -12833.995   -12864.707 
   10800    26.845088   -834952.01   -13093.662   -12930.757   -12936.807 
   10900    26.618839   -834990.45   -13157.357   -12990.513   -12984.115 
   11000    26.463255   -835024.97   -13180.645   -13027.856   -13029.553 
   11100    26.303223   -835060.01   -13228.342   -13083.677   -13085.724 
   11200    26.118867   -835097.89   -13319.988   -13133.392   -13125.741 
   11300    26.066875   -835135.67   -13360.056   -13187.171   -13190.092 
   11400    25.991298   -835170.15   -13438.461   -13248.415   -13267.976 
   11500    25.899849   -835208.09   -13516.949   -13323.952   -13331.577 
   11600    25.750961   -835241.68   -13563.535   -13368.952   -13384.885 
   11700    25.589659   -835280.33   -13598.751   -13445.351   -13454.575 
   11800    25.524762   -835317.57   -13687.262   -13534.009   -13531.898 
   11900    25.331011   -835356.13   -13743.426   -13582.856   -13575.087 
   12000    25.230346   -835395.02   -13814.136   -13642.931   -13672.102 
   12100    25.157423   -835429.04   -13844.581   -13738.769   -13693.511 
   12200    25.191913   -835463.11    -13911.12   -13775.476   -13749.963 
   12300    25.054036   -835500.92   -13956.177   -13833.978   -13840.774 
   12400    24.947411   -835538.04   -14009.598   -13903.262   -13901.417 
   12500    24.848393   -835576.43   -14125.442   -13988.139   -13956.761 
   12600    24.716243   -835613.05   -14177.944   -14036.645    -13985.13 
   12700    24.636986   -835650.42   -14225.195   -14115.196   -14096.134 
   12800    24.566545   -835686.77   -14253.551   -14183.483   -14123.804 
   12900    24.381471   -835719.68   -14361.858   -14240.003   -14190.942 
   13000    24.261783   -835754.77   -14410.839   -14290.212   -14261.659 
   13100    24.201736   -835790.49   -14460.533   -14324.268   -14327.886 
   13200    24.001713    -835824.8   -14500.994    -14409.53   -14362.357 
   13300    23.926057   -835858.86   -14577.396   -14452.046   -14421.046 
   13400    23.713881   -835889.51   -14640.153   -14530.611    -14474.21 
   13500    23.615234   -835919.81   -14667.061   -14567.059   -14503.592 
   13600    23.473405   -835954.74   -14710.744   -14637.217    -14590.08 
   13700    23.387714   -835986.72   -14772.751   -14688.852   -14627.037 
   13800    23.315507   -836021.66   -14808.369   -14750.691   -14666.798 
   13900    23.184826   -836049.05   -14877.846   -14783.921   -14726.625 
   14000    22.902208   -836077.43   -14896.341   -14834.849   -14772.138 
   14100    22.842068   -836109.66   -14935.892   -14889.964   -14813.945 
   14200    22.828903   -836141.64   -15017.471   -14957.729   -14860.813 
   14300    22.693648   -836171.64   -15032.464   -15004.843   -14930.794 
   14400    22.539419   -836199.76   -15081.976   -15027.044   -14950.211 
   14500    22.418306   -836230.39   -15143.786   -15060.704   -15001.067 
   14600    22.332043   -836262.85   -15220.171    -15134.51   -15089.792 
   14700      22.2064   -836292.51   -15222.699   -15211.201   -15130.189 
   14800    22.115904   -836322.46   -15274.461   -15244.556   -15179.239 
   14900    22.080817   -836354.32   -15354.897   -15278.394   -15202.098 
   15000      22.0811   -836386.98   -15372.695   -15356.128    -15249.27 
   15100    21.979237   -836416.73   -15466.024   -15388.336   -15347.144 
   15200    21.829802   -836443.18   -15511.305    -15446.72   -15361.672 
   15300    21.717754    -836472.1   -15562.861   -15520.417   -15415.182 
   15400    21.708333   -836501.02   -15587.708   -15564.678   -15471.838 
   15500    21.607258   -836529.93   -15664.235   -15586.432    -15526.26 
   15600    21.445851   -836556.34   -15727.641   -15648.464   -15554.285 
   15700    21.323117   -836583.32   -15720.764   -15675.364   -15597.423 
   15800    21.198851    -836609.3   -15793.764   -15710.597   -15640.221 
   15900    21.128947   -836635.43   -15849.365   -15730.716   -15677.753 
   16000    21.033046   -836664.54   -15863.649   -15800.647   -15758.572 
   16100    20.961856   -836691.48    -15936.45   -15834.402   -15830.887 
   16200    20.948025    -836720.6   -15970.537   -15865.716    -15846.16 
   16300    20.776508    -836748.1   -15988.774   -15930.247   -15913.571 
   16400    20.690343   -836774.11    -16062.25   -15983.845   -15956.638 
   16500    20.587586   -836799.61   -16083.165   -16002.404   -15990.657 
   16600     20.53619   -836826.44   -16101.137   -16061.855   -16070.075 
   16700    20.424326   -836852.17    -16172.18   -16086.973   -16047.941 
   16800     20.30944   -836875.09   -16200.256   -16144.822   -16128.705 
   16900    20.210652   -836898.59   -16242.661   -16175.091   -16145.513 
   17000    20.115448   -836923.62   -16257.831   -16225.981   -16202.316 
   17100    20.003818   -836948.25   -16294.822   -16278.418   -16237.843 
   17200    19.856545   -836971.79   -16351.797   -16262.733   -16284.792 
   17300    19.721042   -836995.83   -16372.802   -16345.553   -16309.506 
   17400    19.584097   -837018.97   -16430.185   -16351.472   -16350.883 
   17500    19.527852   -837042.14   -16448.217   -16415.275   -16387.701 
   17600    19.418598   -837065.79    -16482.21   -16444.819   -16455.248 
   17700    19.319198   -837090.33   -16557.223   -16485.491   -16476.449 
   17800     19.21237   -837112.87   -16582.418    -16516.21   -16525.846 
   17900    19.151745   -837134.45   -16597.935     -16578.1   -16584.259 
   18000    19.044918   -837156.87   -16654.191    -16617.48   -16600.762 
   18100    18.990026   -837182.85   -16682.854   -16673.962   -16630.118 
   18200    18.878164   -837205.44   -16739.716   -16693.303   -16651.402 
   18300    18.772285   -837228.73   -16772.718   -16724.189   -16744.503 
   18400    18.764079   -837250.91   -16803.505   -16757.971    -16760.83 
   18500    18.648812   -837270.78   -16843.065   -16797.132     -16760.3 
   18600    18.542669   -837294.21   -16914.983   -16812.659   -16829.069 
   18700    18.453441   -837318.63   -16909.677   -16866.345   -16869.072 
   18800    18.322579    -837337.3   -16950.617   -16904.908   -16887.203 
   18900    18.258673   -837357.71   -17009.225   -16921.543   -16937.261 
   19000     18.26486   -837382.41   -17047.709   -16979.786   -17000.435 
   19100    18.182175   -837402.17   -17097.895   -16998.355   -17019.475 
   19200    18.136021   -837424.52   -17124.648   -17022.674   -17061.999 
   19300    18.054697   -837447.05   -17190.409   -17043.715   -17078.521 
   19400    17.962888   -837466.69   -17208.538   -17084.709   -17138.265 
   19500    17.944007   -837486.68    -17264.07   -17100.806   -17165.513 
   19600    17.914123   -837511.27   -17303.665    -17151.53   -17221.788 
   19700    17.862423   -837532.58   -17340.631   -17176.996   -17269.976 
   19800    17.783623   -837553.66   -17344.768   -17207.076   -17284.424 
   19900    17.702572   -837573.85   -17400.024   -17247.924   -17334.579 
   20000    17.617025   -837593.83   -17410.626   -17282.619   -17353.133 
   20100    17.499005   -837613.55   -17461.209   -17315.454   -17403.403 
   20200    17.507187   -837633.37    -17493.88   -17344.398    -17428.62 
   20300    17.428605   -837651.51   -17516.118    -17360.62   -17474.623 
   20400    17.278867   -837673.07   -17552.356   -17424.724   -17504.406 
   20500     17.17963   -837691.29   -17565.838   -17438.051   -17532.034 
   20600     17.14509   -837708.47   -17592.584   -17487.815   -17580.159 
   20700    17.108454   -837728.31   -17634.314   -17503.861   -17617.616 
   20800    17.009863   -837746.37    -17664.26   -17545.603   -17636.316 
   20900     16.93963    -837764.5   -17712.699   -17545.929    -17674.24 
   21000     16.88367   -837783.18   -17722.163   -17608.604   -17706.715 
   21100    16.788183   -837800.47    -17764.26   -17614.128    -17727.04 
   21200    16.768549   -837818.96   -17838.744   -17643.642   -17772.837 
   21300    16.736119   -837838.86   -17824.052   -17691.609   -17786.576 
   21400    16.661409   -837859.95   -17869.733   -17710.313   -17821.831 
   21500    16.641833    -837878.5    -17918.07   -17754.116   -17862.699 
   21600    16.596693   -837899.14   -17932.237   -17786.862   -17914.325 
   21700    16.500172   -837915.77   -18000.936   -17811.601   -17949.525 
   21800    16.437207   -837931.49   -17994.366   -17851.103       -17973 
   21900    16.389103   -837949.87   -18020.961   -17862.855   -18006.707 
   22000    16.310387   -837966.18   -18073.225   -17880.284   -18046.779 
   22100    16.312622   -837984.79    -18092.24    -17913.28   -18072.242 
   22200    16.300298   -838004.32   -18150.347   -17971.851   -18111.093 
   22300    16.193917   -838021.66   -18188.917   -17981.939    -18156.46 
   22400    16.153489   -838038.82   -18220.069   -18020.996   -18161.664 
   22500    16.104237   -838055.78   -18238.278   -18050.101   -18204.834 
   22600    16.044884   -838075.87   -18312.907   -18082.449   -18219.147 
   22700     15.94934   -838093.32   -18321.961   -18102.602   -18253.145 
   22800    15.902582   -838108.62    -18357.38   -18130.635   -18316.969 
   22900    15.843501   -838126.58   -18392.494    -18157.42   -18343.984 
   23000    15.798758   -838144.27   -18404.914    -18193.82   -18367.535 
   23100    15.779401   -838161.68   -18462.565   -18223.373   -18393.092 
   23200    15.860737   -838179.31    -18482.05   -18251.957   -18456.153 
   23300    15.793551   -838197.21   -18510.777   -18305.823   -18481.267 
   23400     15.75148   -838215.13   -18552.055   -18329.595   -18512.848 
   23500    15.754695   -838233.89   -18581.645   -18348.599   -18539.572 
   23600    15.700817   -838248.98   -18587.488   -18403.215   -18591.032 
   23700    15.568135   -838263.44   -18616.471   -18414.662   -18612.127 
   23800    15.580283    -838280.5   -18657.037   -18446.956   -18648.483 
   23900    15.538084   -838298.28   -18700.399   -18491.876    -18651.93 
   24000    15.485635    -838316.9   -18734.459   -18516.355   -18699.839 
   24100    15.410116    -838332.9   -18768.917   -18548.263   -18715.779 
   24200    15.430731   -838350.37   -18772.557   -18583.701   -18741.548 
   24300    15.407539   -838366.21   -18835.603   -18602.736   -18796.135 
   24400    15.368093   -838380.43   -18837.607   -18626.453   -18813.318 
   24500     15.39238   -838396.98   -18874.088   -18669.173    -18821.39 
   24600     15.39464   -838412.85   -18902.672   -18713.029   -18860.822 
   24700    15.324854   -838429.43   -18949.818   -18707.158   -18887.742 
   24800    15.267985   -838442.66   -18955.856    -18748.48   -18898.877 
   24900    15.222156   -838458.52   -19007.053   -18778.988   -18961.706 
   25000    15.190903   -838473.67   -19048.976   -18809.463   -18970.273 
   25100    15.084619   -838488.01   -19068.703   -18834.189   -18970.445 
   25200    15.052864   -838502.71   -19061.901   -18858.782   -19014.578 
   25300    15.006732    -838517.9   -19120.188   -18886.768   -19021.554 
   25400    14.924384   -838533.73   -19149.545   -18930.334   -19073.867 
   25500    14.921726   -838548.61   -19162.051   -18948.696   -19094.715 
   25600    14.824318   -838561.39   -19167.207   -18965.034    -19099.85 
   25700    14.809479   -838576.09   -19243.884   -19000.843    -19137.77 
   25800    14.774741   -838591.56   -19229.146   -19021.113   -19171.278 
   25900    14.714645   -838604.88   -19257.505   -19039.149   -19189.859 
   26000    14.648878   -838618.54   -19284.914    -19064.27   -19207.944 
   26100    14.597742   -838631.95   -19288.768   -19094.987   -19230.447 
   26200    14.555474   -838647.55   -19334.195   -19130.344   -19274.469 
   26300    14.494639   -838659.41   -19358.638   -19132.768   -19275.667 
   26400    14.502878    -838676.6   -19386.721   -19174.928   -19305.519 
   26500    14.446819   -838688.73   -19396.136   -19180.129   -19338.806 
   26600    14.389839   -838701.72   -19423.331   -19222.532   -19354.275 
   26700    14.377304   -838715.01   -19473.879   -19248.529   -19389.593 
   26800    14.332094   -838728.58   -19517.594   -19273.996   -19406.138 
   26900    14.318571   -838742.37   -19523.827   -19288.589   -19439.389 
   27000    14.272812   -838756.02   -19562.433   -19336.823   -19453.743 
   27100    14.260971   -838770.09   -19577.981   -19349.021   -19464.088 
   27200    14.253806   -838783.06   -19614.039   -19356.902   -19479.538 
   27300    14.270783   -838800.43   -19635.442   -19397.567   -19514.332 
   27400    14.172324   -838812.48   -19677.891   -19418.794   -19554.431 
   27500    14.140437   -838825.11   -19714.292   -19438.011   -19565.697 
   27600    14.089958   -838837.07   -19728.353   -19451.169   -19589.376 
   27700    14.087837   -838850.27    -19764.43   -19456.883   -19621.254 
   27800     14.04321   -838862.17   -19780.466   -19486.087   -19612.385 
   27900    14.029329   -838876.21   -19816.238   -19511.398    -19635.84 
   28000    14.044211   -838889.42   -19833.031   -19537.915   -19667.128 
   28100    13.918398   -838900.69   -19845.748   -19548.299   -19691.255 
   28200    13.926537   -838914.05   -19882.044   -19556.647   -19710.065 
   28300     13.84321   -838926.32   -19896.453   -19604.854   -19720.819 
   28400    13.830288   -838938.95   -19917.847   -19589.345   -19754.303 
   28500    13.877799   -838951.42   -19926.414   -19641.875   -19792.719 
   28600    13.796156   -838963.91   -19950.102    -19653.35   -19811.362 
   28700    13.715269   -838975.58    -19960.55   -19676.918   -19837.896 
   28800    13.713661   -838986.19   -20020.768   -19693.238   -19830.078 
   28900      13.6681    -838998.5   -19996.448     -19716.4   -19874.042 
   29000    13.609149   -839009.09   -20037.307   -19714.951   -19886.392 
   29100    13.619307   -839022.09   -20041.941   -19763.012   -19917.732 
   29200    13.659307   -839034.99   -20094.629   -19782.549   -19936.906 
   29300    13.581479   -839047.28   -20091.311   -19806.638   -19973.767 
   29400    13.603376   -839058.72   -20120.732   -19820.929   -19989.117 
   29500    13.523977   -839069.16   -20141.082    -19823.77   -20001.479 
   29600    13.549683   -839083.91   -20153.445   -19874.333    -20029.59 
   29700    13.451818   -839095.16    -20219.97   -19896.635     -20033.3 
   29800    13.481639   -839107.89   -20225.603   -19898.544   -20057.181 
   29900    13.440565   -839119.63   -20255.054   -19893.815   -20066.579 
   30000    13.424665   -839130.76   -20287.137   -19944.593   -20108.622 
   30100    13.380179   -839140.21   -20296.266   -19948.425   -20108.161 
   30200    13.350174   -839151.44   -20305.618   -19967.012   -20150.356 
   30300    13.346389   -839165.33   -20330.564   -19991.389   -20137.883 
   30400     13.27873   -839175.56   -20342.624   -20029.984   -20204.369 
   30500    13.228279   -839187.59   -20389.913   -20035.754   -20175.951 
   30600    13.186658   -839198.83   -20404.191    -20052.55   -20226.745 
   30700     13.22376   -839211.46   -20421.852    -20080.03   -20243.413 
   30800    13.114016   -839221.63   -20460.132     -20087.3   -20256.874 
   30900      13.1117   -839232.92   -20466.472    -20133.13    -20300.13 
   31000    13.125029   -839243.06   -20463.961   -20124.787   -20291.405 
   31100    13.031742   -839253.78   -20495.596   -20169.045    -20323.94 
   31200    13.009137   -839264.08   -20496.842    -20167.98   -20341.532 
   31300    12.976519   -839274.28   -20521.624    -20196.27    -20354.84 
   31400    12.935829   -839284.41   -20536.331   -20225.561   -20375.823 
   31500    12.961008   -839295.94   -20558.231   -20226.724   -20391.889 
   31600     12.91324   -839307.48   -20563.894    -20277.89   -20437.745 
   31700    12.907982   -839317.32   -20588.405   -20280.015    -20442.71 
   31800    12.852358   -839328.28   -20625.314   -20303.207   -20464.529 
   31900    12.825726   -839337.01   -20616.484   -20336.339   -20473.607 
   32000    12.783066   -839350.27   -20627.796     -20372.9     -20496.2 
   32100    12.767933   -839362.77   -20679.043   -20373.259   -20531.376 
   32200    12.753926   -839370.27   -20691.273     -20406.2   -20542.779 
   32300    12.672696   -839379.41   -20719.523   -20422.157   -20561.433 
   32400    12.655895   -839388.88    -20722.19    -20425.58   -20575.429 
   32500    12.618332   -839399.13   -20734.265   -20445.379   -20591.289 
   32600    12.597825   -839410.66   -20743.126   -20473.168   -20602.218 
   32700    12.594642   -839421.15   -20772.237   -20490.943   -20639.558 
   32800    12.579423   -839431.31   -20772.154   -20550.324   -20674.863 
   32900    12.515412   -839439.89   -20798.387   -20520.184   -20655.898 
   33000    12.551133   -839453.06   -20838.724   -20550.302     -20693.6 
   33100    12.515751   -839462.66   -20852.181   -20576.714    -20736.93 
   33200    12.490049   -839473.32   -20887.613   -20604.017   -20744.363 
   33300    12.448826   -839483.12   -20901.599   -20619.823   -20768.847 
   33400    12.482995   -839493.85   -20919.748   -20637.218   -20778.883 
   33500    12.454439   -839502.93   -20932.838   -20690.906    -20805.86 
   33600     12.39822   -839513.48   -20961.765    -20672.44   -20834.496 
   33700    12.405543   -839522.67   -20971.013   -20709.259   -20846.205 
   33800    12.393534   -839530.82   -20987.652   -20715.755   -20841.736 
   33900    12.413972   -839539.65   -21016.973   -20730.576   -20852.333 
   34000    12.329171   -839548.26   -21042.787    -20757.41   -20871.187 
   34100    12.316397   -839556.34   -21037.046    -20750.83   -20865.071 
   34200    12.289034    -839565.6   -21029.581   -20798.723   -20901.987 
   34300    12.208823   -839574.01   -21050.543   -20808.791   -20916.979 
   34400    12.174215   -839582.15   -21080.647   -20805.703   -20935.852 
   34500    12.178826    -839590.9   -21101.167   -20828.992   -20945.822 
   34600    12.173245    -839599.9   -21094.755   -20833.817   -20971.892 
   34700    12.190874   -839608.01   -21119.838   -20873.382   -20983.054 
   34800    12.223458      -839617   -21143.928   -20892.401   -21008.047 
   34900     12.17115   -839626.63   -21143.857   -20905.685   -21012.788 
   35000    12.140976   -839634.43   -21167.128   -20933.174   -21047.993 
   35100    12.146561   -839643.58   -21146.416   -20936.131   -21043.006 
   35200     12.14661   -839652.75   -21171.995   -20958.189   -21067.802 
   35300    12.114744   -839660.87   -21196.511   -20982.221   -21084.414 
   35400    12.158519   -839671.39   -21210.186   -20989.341   -21102.177 
   35500    12.084949   -839678.93   -21220.723   -21026.869   -21148.519 
   35600    12.061894    -839687.9   -21241.871   -21004.006   -21143.713 
   35700    12.024053   -839696.26   -21257.333   -21053.288   -21170.742 
   35800    11.951676   -839703.44   -21269.882   -21062.455   -21151.333 
   35900    11.993643   -839712.82   -21280.289   -21072.611   -21204.248 
   36000    11.937227   -839722.63   -21290.725   -21090.035   -21221.729 
   36100    11.977752   -839731.96   -21304.494   -21126.071   -21235.088 
   36200    11.979676   -839740.88   -21350.539    -21154.01   -21239.528 
   36300    11.923971   -839748.79   -21337.688   -21118.294   -21272.967 
   36400    11.934105   -839757.57    -21357.52   -21145.763   -21275.145 
   36500    11.942019   -839767.41    -21383.73   -21195.273   -21319.047 
   36600    11.947465      -839777   -21422.448   -21196.903    -21338.27 
   36700    11.983517   -839785.63   -21429.536   -21205.694    -21341.74 
   36800    11.938058   -839793.62   -21467.062   -21208.482   -21391.582 
   36900    11.942737    -839803.5   -21460.285   -21218.657   -21382.009 
   37000    11.908701    -839811.3   -21464.187    -21227.55   -21416.075 
   37100    11.863603   -839818.16   -21471.402   -21235.775     -21408.6 
   37200    11.823089   -839824.94   -21510.567   -21254.365   -21428.763 
   37300    11.848835   -839832.64    -21500.75   -21260.386   -21439.617 
   37400    11.778107   -839840.12   -21528.714   -21257.979   -21452.321 
   37500    11.742005   -839846.45   -21504.847   -21295.122   -21476.688 
   37600    11.714671   -839854.53   -21549.891   -21304.832    -21472.28 
   37700    11.709022    -839862.9   -21564.157   -21317.161   -21507.721 
   37800    11.695595   -839870.58   -21566.364   -21317.921    -21497.29 
   37900    11.670043   -839878.98   -21588.435   -21347.103   -21534.358 
   38000    11.631419   -839887.15   -21595.264   -21358.696   -21531.736 
   38100    11.651814    -839895.5   -21599.647   -21381.037   -21559.037 
   38200    11.617182   -839901.22   -21620.379   -21395.079   -21586.275 
   38300    11.645311   -839909.61   -21640.774    -21393.35    -21580.93 
   38400    11.601065    -839918.3    -21645.07   -21420.534   -21616.716 
   38500    11.570865   -839925.73   -21677.202   -21437.132   -21612.197 
   38600    11.593864    -839934.8   -21689.242   -21437.224   -21649.316 
   38700    11.594087    -839941.2   -21697.335   -21452.699   -21642.391 
   38800     11.55651   -839948.14   -21703.636   -21490.066   -21681.968 
   38900    11.564615   -839955.99   -21723.979   -21497.477   -21672.635 
   39000    11.541382   -839964.21   -21743.921   -21504.168   -21688.786 
   39100    11.562952   -839971.46    -21756.69   -21518.054   -21739.896 
   39200    11.526193   -839979.04   -21756.785   -21572.576   -21705.967 
   39300    11.493151   -839986.11   -21791.499   -21560.737   -21751.256 
   39400     11.50495   -839993.48   -21788.959    -21557.14   -21767.685 
   39500    11.486742   -840000.42   -21800.392   -21568.748   -21757.721 
   39600    11.466518   -840006.83   -21810.847   -21578.898   -21783.878 
   39700    11.457372   -840016.31   -21840.044   -21610.015   -21792.181 
   39800    11.478184   -840023.89   -21836.858    -21631.77    -21835.27 
   39900    11.416853   -840031.67   -21859.104   -21641.131   -21831.796 
   40000    11.408919   -840038.35   -21855.906    -21658.76   -21850.491 
   40100    11.443749   -840046.49   -21887.126   -21697.585   -21884.762 
   40200    11.401603   -840052.96   -21899.479   -21695.687   -21869.649 
   40300    11.416908   -840060.22   -21916.908   -21717.699   -21897.874 
   40400      11.3639   -840065.69    -21933.57   -21714.198   -21919.426 
   40500    11.346806   -840072.69   -21944.332   -21733.361   -21905.268 
   40600     11.31578   -840079.45    -21949.88   -21760.354   -21926.556 
   40700    11.286155   -840085.43   -21970.524   -21778.741   -21948.067 
   40800    11.258703   -840093.49   -21985.758   -21780.048   -21937.719 
   40900    11.335355   -840102.17   -21997.736   -21812.722   -21956.579 
   41000    11.276449   -840108.69   -22007.909   -21827.185   -21990.011 
   41100    11.281975   -840117.76   -22030.636    -21841.07   -21977.931 
   41200    11.266258   -840126.04   -22045.147   -21863.956   -21999.008 
   41300    11.326339   -840133.73    -22055.21   -21876.129   -22020.232 
   41400    11.302219   -840140.24   -22086.105   -21899.218   -22027.511 
   41500    11.305769    -840147.2   -22107.132   -21904.974   -22016.371 
   41600    11.306717   -840154.55   -22113.848   -21918.722   -22040.397 
   41700    11.279614   -840162.19   -22125.465   -21954.056   -22056.112 
   41800    11.253021   -840168.02   -22135.627   -21961.284   -22053.648 
   41900    11.253493   -840175.66   -22150.138   -21979.222   -22092.596 
   42000    11.274718   -840182.38    -22143.44   -21980.591   -22093.384 
   42100    11.210078   -840188.71   -22178.583    -22010.56   -22109.321 
   42200    11.226236   -840194.69   -22165.499   -21996.505   -22129.679 
   42300    11.246738   -840201.93   -22200.909   -22039.277   -22135.039 
   42400    11.236245   -840211.84   -22211.731   -22044.992   -22151.966 
   42500    11.216941   -840218.66   -22215.301   -22066.034    -22165.51 
   42600    11.181129   -840224.88   -22217.076   -22070.813   -22177.877 
   42700    11.181574   -840231.63   -22243.228   -22101.648   -22210.037 
   42800    11.194836   -840238.45   -22247.505   -22098.394   -22198.931 
   42900    11.170184   -840245.02   -22247.743   -22137.756   -22236.395 
   43000    11.186527   -840251.37   -22263.339   -22112.932   -22223.518 
   43100    11.221356   -840260.07   -22281.812   -22156.981   -22251.325 
   43200    11.183529   -840266.48   -22279.126   -22171.863   -22253.344 
   43300    11.159959   -840272.89   -22299.556   -22176.896   -22273.608 
   43400    11.157555   -840279.06   -22310.012   -22177.109   -22279.919 
   43500    11.129254   -840285.64   -22319.609   -22204.275   -22307.197 
   43600    11.171121   -840292.09   -22336.612   -22219.005   -22312.018 
   43700    11.156166   -840298.73   -22333.892   -22223.436   -22339.117 
   43800    11.148271   -840306.59   -22345.995    -22245.25   -22353.886 
   43900    11.118765   -840313.25   -22387.935   -22254.643   -22370.624 
   44000    11.125428   -840320.99   -22397.756   -22286.762   -22385.397 
   44100    11.126418   -840326.69   -22387.604   -22278.962   -22410.532 
   44200    11.125121    -840332.8   -22405.247   -22293.798   -22407.988 
   44300    11.063771   -840338.33   -22408.767   -22328.853    -22430.22 
   44400    11.009524   -840344.18   -22418.434   -22338.573   -22425.846 
   44500    11.054146   -840350.91   -22426.521   -22323.212   -22455.068 
   44600    11.011289   -840357.93   -22426.193   -22357.509   -22475.939 
   44700    11.011017   -840364.41   -22421.046    -22380.61    -22486.56 
   44800    10.993986    -840371.3   -22472.637   -22394.525   -22506.011 
   44900    11.029621   -840377.31   -22476.803   -22380.153    -22525.78 
   45000    10.995594   -840382.08    -22457.55   -22407.534   -22547.151 
   45100    11.006358   -840390.87    -22502.71   -22424.206   -22557.232 
   45200    11.036683   -840398.77   -22506.905   -22435.548   -22561.049 
   45300    10.998862   -840404.76   -22519.624    -22448.39   -22602.323 
   45400    10.999185   -840410.83   -22522.151    -22451.83    -22593.75 
   45500    11.011597   -840417.83   -22558.968    -22485.85   -22626.992 
   45600    10.982889   -840422.41   -22538.226   -22474.841   -22621.208 
   45700    10.962364   -840428.37   -22555.323   -22496.736   -22624.862 
   45800    10.979576   -840434.26   -22558.799   -22507.314   -22638.637 
   45900    10.969716   -840441.45   -22595.242   -22522.008   -22672.533 
   46000    10.987618   -840448.72   -22613.585   -22536.662   -22681.749 
   46100    10.990254   -840455.96   -22624.231   -22541.335   -22684.435 
   46200      10.9732   -840463.36   -22631.252   -22581.382   -22712.889 
   46300    10.946618   -840468.97   -22658.096   -22586.944   -22725.061 
   46400    10.931895   -840474.16   -22644.356   -22588.096   -22718.772 
   46500    10.914273   -840480.78   -22656.406   -22599.431   -22722.183 
   46600    10.926883   -840488.24   -22685.399   -22608.153   -22757.577 
   46700    10.904146   -840492.88   -22699.969   -22637.201   -22768.569 
   46800    10.882562   -840498.77   -22678.196       -22661   -22767.669 
   46900    10.872865   -840504.11   -22717.026   -22658.742   -22791.161 
   47000    10.842958   -840509.72   -22711.258   -22657.365   -22788.218 
   47100    10.825031   -840515.18   -22696.496   -22685.406   -22812.039 
   47200    10.811244   -840520.86   -22721.162   -22695.773   -22813.158 
   47300    10.792187   -840527.28   -22738.112   -22708.653   -22829.763 
   47400    10.785648   -840533.64   -22742.939   -22730.446   -22838.581 
   47500    10.864962   -840539.83   -22749.984   -22743.808   -22873.603 
   47600    10.859326   -840545.13   -22771.812   -22745.305     -22883.9 
   47700    10.846505   -840551.14   -22765.705   -22750.397   -22873.141 
   47800    10.796492   -840556.27   -22776.197   -22767.273   -22888.188 
   47900    10.816084   -840561.32   -22810.385   -22789.148   -22906.488 
   48000    10.757863    -840567.3   -22806.915   -22787.182   -22926.038 
   48100    10.775255   -840571.66    -22799.82   -22782.593   -22926.201 
   48200    10.748161   -840576.88   -22848.868   -22795.429   -22951.144 
   48300    10.751282   -840582.97    -22831.94   -22814.537   -22951.994 
   48400    10.731693    -840588.8    -22857.41   -22809.693   -22969.403 
   48500    10.734424   -840593.68   -22872.553   -22830.099   -22988.745 
   48600    10.691796   -840598.15    -22861.64   -22855.273   -22987.125 
   48700    10.654204    -840603.7   -22865.922   -22845.806   -22999.013 
   48800    10.645866   -840609.23   -22893.295   -22864.394   -23023.966 
   48900    10.679062   -840616.03    -22894.55   -22880.242   -23004.864 
   49000    10.667157   -840620.72   -22913.279   -22888.167   -23035.468 
   49100    10.677569   -840626.17   -22919.237   -22896.395   -23042.761 
   49200    10.628108   -840632.06   -22934.438   -22915.452   -23055.195 
   49300    10.635401   -840636.77   -22950.883   -22932.895   -23072.553 
   49400    10.625462   -840642.91   -22937.113   -22920.202   -23088.635 
   49500    10.641765   -840647.73   -22957.238   -22934.702   -23089.446 
   49600    10.608924   -840652.57   -22968.392   -22972.724   -23127.646 
   49700      10.6172   -840657.55   -22998.824    -22962.38    -23111.75 
   49800    10.613335   -840661.67   -22975.091    -22982.97   -23133.181 
   49900    10.604769   -840667.13   -23008.596   -22967.223     -23145.3 
   50000    10.584374   -840673.02   -23019.864   -22971.099   -23161.876 
   50100    10.630054   -840678.29   -23018.886   -22995.262   -23172.831 
   50200    10.612895   -840682.52   -23035.605   -22996.558   -23190.875 
   50300    10.565898    -840687.3   -23041.488   -23006.478   -23183.951 
   50400    10.532468   -840691.64   -23039.873   -23011.099    -23198.85 
   50500    10.536169   -840695.77   -23048.045   -23011.155   -23197.501 
   50600    10.568127   -840700.74   -23048.797   -23029.781   -23189.876 
   50700    10.553721   -840705.36   -23040.104   -23043.909   -23231.413 
   50800    10.554453   -840711.28   -23078.701   -23031.297   -23238.788 
   50900    10.587838   -840717.27   -23061.687   -23062.219   -23241.205 
   51000    10.577612   -840721.56   -23076.351   -23075.003   -23269.343 
   51100    10.577614   -840726.39   -23088.219   -23074.616   -23279.401 
   51200    10.562757   -840730.04   -23098.758   -23074.384   -23286.172 
   51300    10.522485   -840734.49   -23109.503   -23101.799    -23307.92 
   51400    10.583598   -840740.01   -23106.202   -23082.008   -23308.025 
   51500    10.557975   -840744.94   -23116.876    -23093.52   -23322.951 
   51600    10.516695   -840749.93   -23140.057   -23109.536   -23332.524 
   51700    10.507941   -840753.96   -23137.186    -23110.03    -23336.76 
   51800    10.491963   -840758.99    -23126.52   -23109.039   -23362.777 
   51900    10.482238   -840763.13   -23150.355   -23117.451   -23358.804 
   52000    10.440797   -840767.14   -23162.595   -23120.348   -23374.127 
   52100     10.50734   -840773.55    -23169.66   -23131.092   -23365.673 
   52200    10.532207   -840779.08   -23196.512   -23164.804   -23401.488 
   52300    10.492207   -840783.09     -23214.3   -23170.657   -23404.969 
   52400    10.501381   -840787.03   -23208.882   -23163.493   -23398.952 
   52500    10.464571   -840792.99   -23227.568   -23194.292   -23415.413 
   52600    10.472105   -840798.11   -23230.535   -23175.428   -23411.467 
   52700    10.496755   -840802.04   -23227.179   -23200.342   -23435.872 
   52800    10.442113   -840805.82   -23225.508   -23201.944    -23437.91 
   52900    10.397128   -840809.52   -23259.371   -23228.975   -23448.663 
   53000    10.423149   -840813.52   -23255.447   -23234.663   -23470.978 
   53100    10.463463   -840818.12   -23246.638   -23249.902   -23465.798 
   53200    10.477607   -840823.97   -23261.708   -23268.157   -23481.169 
   53300     10.45741   -840828.16   -23270.748   -23262.709   -23489.584 
   53400    10.452512   -840831.72   -23280.849   -23290.628   -23485.907 
   53500    10.455266   -840835.86   -23292.186   -23304.503   -23518.458 
   53600    10.467124   -840840.91   -23291.107   -23296.414   -23512.995 
   53700    10.445739   -840845.51   -23296.548   -23310.549   -23533.338 
   53800    10.442948   -840851.57   -23335.156   -23316.386   -23546.662 
   53900    10.415777   -840855.68   -23342.478   -23315.005   -23544.111 
   54000    10.407319   -840860.34   -23328.073   -23343.175   -23569.423 
   54100    10.401241   -840863.76   -23339.647   -23359.681   -23559.286 
   54200    10.433252   -840868.26   -23333.212   -23359.609   -23583.058 
   54300    10.408162   -840872.93   -23349.603   -23355.005   -23582.989 
   54400    10.412979   -840877.19   -23358.524   -23367.356   -23588.604 
   54500    10.425987   -840883.01   -23382.335   -23375.859   -23610.465 
   54600     10.40349   -840888.95   -23377.151   -23396.571   -23600.734 
   54700    10.412181   -840892.93    -23408.54   -23408.631   -23633.442 
   54800    10.432152   -840898.43   -23414.068   -23429.702    -23633.81 
   54900    10.444257   -840902.62   -23432.078    -23429.53   -23646.604 
   55000    10.402227   -840906.65   -23449.983   -23439.688   -23652.147 
   55100     10.40271   -840911.87   -23446.282    -23444.04   -23655.041 
   55200    10.385936   -840916.22   -23460.149   -23448.366    -23651.67 
   55300    10.387766    -840920.2   -23463.793   -23467.024   -23671.041 
   55400    10.395237   -840923.68   -23464.098   -23459.907   -23678.503 
   55500    10.348229   -840927.66   -23483.584   -23486.436   -23659.633 
   55600    10.338699   -840931.05   -23482.167   -23471.614    -23680.87 
   55700    10.286307   -840934.04    -23488.75   -23456.188   -23679.324 
   55800     10.33245   -840937.72   -23494.093   -23493.405    -23697.58 
   55900    10.384292   -840943.45   -23511.627   -23487.086   -23728.768 
   56000    10.361172   -840947.46   -23504.295   -23503.768   -23718.121 
   56100    10.349404    -840951.5   -23527.342   -23517.877   -23720.591 
   56200    10.353811   -840955.47   -23514.046   -23519.319   -23741.414 
   56300    10.353574   -840958.84   -23525.001   -23526.376   -23752.482 
   56400    10.362344   -840964.12   -23543.852    -23523.95   -23736.079 
   56500    10.394033   -840968.53   -23547.047   -23552.529   -23762.659 
   56600    10.333901   -840972.96    -23539.74   -23548.793    -23779.46 
   56700    10.300484   -840975.91   -23557.748    -23560.24   -23765.931 
   56800     10.25633   -840980.17   -23566.927   -23570.654   -23778.604 
   56900    10.304213   -840984.01   -23547.814   -23559.054   -23783.955 
   57000    10.328571   -840989.16   -23574.659   -23592.945   -23798.181 
   57100    10.291533   -840993.13   -23590.939   -23596.315   -23796.672 
   57200    10.288354   -840996.97   -23580.124    -23601.82   -23802.669 
   57300    10.246628   -841000.22   -23600.626   -23594.176    -23813.14 
   57400    10.308858    -841004.8   -23628.319   -23631.986   -23821.989 
   57500    10.356416   -841009.93   -23633.545   -23632.553   -23835.324 
   57600    10.337759   -841013.15   -23630.998   -23623.292   -23859.517 
   57700    10.360708   -841017.64   -23657.517   -23650.141   -23846.428 
   57800     10.36017   -841022.07   -23660.571    -23662.08   -23869.471 
   57900     10.35121   -841025.71   -23666.393   -23649.146   -23871.348 
   58000    10.357082   -841029.49   -23677.635   -23672.792   -23881.658 
   58100    10.315527    -841034.2   -23673.587   -23691.746   -23889.582 
   58200    10.296029   -841037.39   -23697.442   -23698.577   -23884.605 
   58300     10.29774   -841042.13   -23689.769   -23698.451     -23907.6 
   58400       10.316   -841045.64   -23709.557   -23720.152   -23890.488 
   58500    10.305809   -841049.66   -23717.747   -23729.992   -23907.987 
   58600    10.264536   -841053.45   -23711.657    -23722.23   -23928.283 
   58700    10.289209   -841057.71   -23730.485   -23727.948   -23913.691 
   58800    10.274003   -841061.07   -23729.179   -23738.649   -23933.981 
   58900    10.317907   -841064.98   -23724.827   -23751.865    -23945.94 
   59000    10.294873   -841068.01   -23748.114   -23756.331   -23948.566 
   59100    10.290535   -841072.08     -23770.4   -23776.896   -23972.149 
   59200    10.302841   -841076.48   -23763.493   -23758.015   -23959.125 
   59300    10.298443   -841080.61   -23766.018   -23771.121   -23976.166 
   59400    10.304137   -841085.06   -23791.756   -23805.813   -23991.962 
   59500    10.267396   -841088.27   -23801.038   -23800.316   -23991.363 
   59600    10.227216   -841092.23   -23790.789   -23795.606   -24010.593 
   59700    10.289195   -841096.53   -23796.916   -23819.268   -24002.583 
   59800    10.262027   -841099.31   -23829.594   -23820.274   -24028.597 
   59900    10.287189   -841103.28   -23817.315   -23843.207   -24038.781 
   60000    10.260422   -841107.36   -23843.626   -23842.013   -24018.486 
   60100    10.228755   -841111.29   -23850.036   -23838.648   -24045.767 
   60200    10.241029   -841114.29   -23858.222   -23846.608   -24037.506 
   60300    10.226552   -841119.18   -23850.463   -23867.113   -24057.916 
   60400     10.21338   -841123.12   -23856.507   -23869.471    -24081.41 
   60500    10.256365   -841126.04   -23859.438   -23888.107   -24077.098 
   60600    10.262178   -841129.38   -23869.149   -23887.426   -24079.374 
   60700    10.258541   -841133.58   -23899.908   -23898.675   -24106.839 
   60800    10.296741   -841136.95   -23900.022   -23910.263   -24114.453 
   60900    10.294867   -841141.25   -23902.298   -23921.951   -24112.092 
   61000    10.294911   -841145.19   -23920.681   -23922.947   -24112.496 
   61100    10.302192   -841148.94   -23909.688   -23921.301   -24144.869 
   61200     10.29081   -841152.39     -23927.4   -23952.154   -24123.093 
   61300    10.267479   -841155.21   -23949.456   -23933.208   -24137.508 
   61400    10.287709   -841159.54   -23949.938   -23955.104   -24147.837 
   61500    10.256192   -841162.37   -23935.145   -23954.231   -24138.014 
   61600    10.264356   -841165.62   -23939.627   -23974.983   -24158.978 
   61700    10.271037   -841169.87   -23970.287   -23977.284   -24140.572 
   61800    10.280711   -841173.34   -23951.885   -23992.622   -24159.841 
   61900    10.274455   -841177.68   -23986.397   -24000.421    -24171.29 
   62000    10.240056   -841181.37   -23987.947     -23996.7   -24168.962 
   62100    10.242331    -841184.8   -24004.865   -24031.626   -24169.182 
   62200    10.308813    -841189.8   -24014.454   -24024.772   -24184.105 
   62300    10.323918   -841192.91   -24020.953   -24053.106   -24191.904 
   62400     10.30039   -841195.98   -24048.878   -24036.184   -24191.708 
   62500    10.314862   -841200.25   -24042.203    -24053.23   -24200.002 
   62600    10.332564   -841203.92   -24057.794   -24067.113   -24222.711 
   62700    10.307978   -841207.12    -24052.87   -24071.596   -24222.014 
   62800    10.329322   -841211.21   -24063.381   -24075.112   -24213.783 
   62900    10.278669   -841214.19   -24091.886   -24089.625   -24238.488 
   63000    10.281671   -841218.33   -24076.231   -24112.398   -24278.438 
   63100    10.285646   -841222.86   -24098.251   -24107.791   -24260.507 
   63200    10.293942   -841226.49   -24119.915     -24102.2   -24248.726 
   63300    10.289297    -841230.5     -24118.3    -24140.96   -24293.418 
   63400    10.268588    -841234.4   -24139.169    -24128.48   -24295.698 
   63500    10.281594   -841238.41   -24136.954   -24145.079   -24295.678 
   63600    10.280689    -841241.6   -24138.363   -24145.305   -24306.935 
   63700    10.301662   -841245.37   -24131.418    -24154.34   -24299.442 
   63800    10.306421   -841249.14   -24166.651   -24167.376   -24332.496 
   63900    10.335719   -841252.54    -24149.92   -24174.366   -24340.344 
   64000    10.316763   -841255.77   -24151.442   -24184.847   -24345.812 
   64100    10.354109   -841260.34   -24188.464   -24197.221   -24356.289 
   64200    10.315355   -841264.21   -24190.175   -24182.011   -24361.678 
   64300    10.286453   -841267.34   -24192.141   -24194.095   -24366.419 
   64400    10.246825   -841270.63   -24186.205   -24202.365   -24384.474 
   64500    10.240268   -841274.02    -24203.92   -24224.162   -24385.615 
   64600    10.225073    -841277.3   -24204.228   -24201.592   -24388.891 
   64700    10.218629   -841280.94   -24196.259   -24212.877   -24408.068 
   64800    10.198066   -841284.72    -24225.88   -24224.418   -24397.113 
   64900    10.153748   -841287.92   -24223.227   -24230.145   -24404.525 
   65000    10.199856    -841291.1   -24221.901   -24238.879   -24433.818 
   65100    10.237077   -841295.21   -24230.388   -24243.906   -24423.982 
   65200    10.185795   -841298.09   -24218.675    -24252.94   -24432.392 
   65300    10.246172   -841303.23   -24246.057   -24260.072   -24460.287 
   65400    10.228971   -841306.29    -24251.03   -24261.677   -24442.606 
   65500    10.206619   -841309.07   -24256.623   -24275.895   -24468.332 
   65600    10.170272   -841311.81   -24249.271   -24279.707   -24461.433 
   65700    10.185435   -841315.24   -24249.178    -24282.72   -24467.926 
   65800    10.223268   -841318.29    -24259.58   -24280.584   -24484.069 
   65900    10.155542   -841321.73   -24290.209   -24313.158   -24480.242 
   66000     10.18231   -841325.82   -24297.186   -24320.169   -24465.911 
   66100    10.201192   -841328.98   -24286.408   -24310.058   -24492.308 
   66200    10.196384    -841332.5   -24302.493   -24319.829   -24481.924 
   66300    10.173943   -841335.71   -24298.162   -24336.034   -24488.756 
   66400    10.165423   -841339.51   -24317.739   -24332.253   -24498.927 
   66500    10.173577   -841342.19   -24325.218   -24361.224   -24521.476 
   66600    10.132886   -841344.96    -24318.94   -24337.956   -24509.419 
   66700    10.114538   -841347.73   -24337.887   -24346.915   -24506.635 
   66800    10.097369    -841349.9   -24338.842   -24350.458   -24522.914 
   66900    10.073581   -841352.57   -24335.838   -24361.635    -24514.19 
   67000    10.056699    -841355.4   -24334.185   -24355.143   -24537.369 
   67100    10.047462   -841358.64   -24364.615   -24373.238   -24542.308 
   67200    10.042437   -841361.39   -24323.677   -24377.316   -24534.886 
   67300    10.060676   -841364.76   -24362.787   -24367.929   -24547.175 
   67400    10.023106   -841366.89   -24370.928   -24373.433   -24562.214 
   67500    10.089704    -841369.7   -24347.272   -24380.257   -24550.503 
   67600    10.062228   -841372.89   -24378.698   -24393.833   -24573.886 
   67700      10.0741   -841375.53   -24367.965    -24404.49    -24597.47 
   67800    10.062257   -841377.85   -24398.089   -24390.721   -24573.739 
   67900    10.077344   -841380.75   -24387.244    -24398.53   -24588.387 
   68000    10.039202    -841383.5   -24393.822   -24409.585   -24576.653 
   68100     10.08076   -841386.28   -24414.862   -24427.166   -24602.062 
   68200     10.06884   -841388.73   -24400.388   -24432.173   -24618.556 
   68300    10.076789   -841391.75   -24417.909   -24441.245   -24593.331 
   68400    10.080619   -841393.55   -24418.211   -24442.018   -24605.318 
   68500    10.074339   -841396.15   -24433.675   -24443.139   -24612.332 
   68600    10.081105   -841398.75    -24411.44   -24428.714   -24613.779 
   68700    10.083156   -841401.14   -24438.881   -24461.971   -24629.066 
   68800    10.063454   -841403.12   -24443.952   -24457.716   -24619.088 
   68900    10.083323   -841405.99   -24458.251   -24458.396   -24625.222 
   69000    10.076411   -841408.56   -24462.753   -24457.439   -24630.624 
   69100    10.112387   -841410.87   -24480.061   -24477.908   -24640.165 
   69200    10.123609   -841413.94   -24480.601   -24461.595   -24651.697 
   69300    10.095837   -841415.62    -24487.72   -24478.827   -24651.593 
   69400    10.120645   -841418.08   -24483.636    -24472.76   -24653.655 
   69500    10.086412   -841420.06   -24464.568   -24486.817   -24664.407 
   69600    10.114017   -841423.33   -24512.339   -24501.081   -24655.937 
   69700    10.093057   -841425.72   -24484.946   -24496.736   -24662.721 
   69800    10.128242   -841428.35   -24501.348   -24493.982   -24687.417 
   69900    10.149734   -841431.34   -24502.488   -24502.141   -24681.486 
   70000    10.153013   -841433.76   -24507.915   -24530.287   -24675.185 
   70100    10.169892   -841437.58   -24530.116   -24541.035   -24700.655 
   70200    10.159786   -841440.82   -24525.075   -24546.861    -24691.89 
   70300    10.192408   -841444.23   -24516.295   -24550.575   -24707.998 
   70400    10.181412   -841446.72   -24534.141   -24553.444   -24704.148 
   70500    10.214601   -841450.67   -24537.912   -24547.862   -24698.209 
   70600    10.222661    -841453.3   -24547.195   -24577.054   -24722.858 
   70700    10.230034   -841455.96   -24546.697   -24582.416   -24723.104 
   70800    10.249999   -841459.09   -24539.564   -24589.682   -24742.844 
   70900    10.217859   -841462.11   -24552.882   -24588.251   -24735.456 
   71000    10.200038   -841464.96   -24549.091   -24579.774   -24729.047 
   71100    10.186442   -841468.74   -24579.909   -24608.042   -24756.529 
   71200    10.189404   -841471.77   -24584.506   -24614.641   -24737.621 
   71300    10.206031   -841474.23   -24584.241   -24609.547   -24745.351 
   71400    10.195744   -841477.09   -24581.297   -24621.615   -24778.497 
   71500    10.202142   -841479.96   -24604.158   -24619.628   -24753.861 
   71600    10.222992   -841484.96    -24628.86    -24647.16   -24776.097 
   71700    10.204709   -841487.55   -24601.752   -24643.607   -24780.908 
   71800    10.205531   -841490.64   -24626.462   -24646.042   -24775.118 
   71900    10.180861   -841493.15   -24627.196    -24636.69   -24778.779 
   72000    10.137477   -841495.94   -24627.569   -24648.909    -24779.25 
   72100    10.135784   -841499.11   -24635.106   -24674.679   -24792.682 
   72200    10.099624   -841501.75   -24628.363   -24652.707   -24790.937 
   72300    10.113989      -841504    -24649.59   -24662.509   -24789.743 
   72400    10.085965   -841507.39   -24656.879   -24686.235   -24797.324 
   72500    10.100848   -841509.61   -24628.279   -24677.444   -24801.547 
   72600    10.063238   -841511.73   -24665.459   -24696.763   -24818.738 
   72700    10.084221    -841514.9   -24666.074   -24696.069   -24814.605 
   72800     10.05663   -841517.32   -24667.637   -24703.499   -24821.553 
   72900    10.055396   -841519.36   -24674.412   -24695.119   -24815.861 
   73000    10.044691   -841522.06   -24664.135    -24699.63    -24818.45 
   73100     10.08182   -841524.81   -24665.102   -24718.233    -24837.93 
   73200    10.078537   -841527.74   -24686.429   -24696.463   -24845.014 
   73300    10.062538    -841530.3   -24699.313   -24717.245   -24834.057 
   73400      10.0645   -841532.67   -24695.379   -24709.021   -24862.429 
   73500     10.07861   -841535.91   -24692.353    -24732.96   -24853.193 
   73600    10.079014   -841539.28   -24726.806   -24734.694   -24878.767 
   73700    10.121044   -841541.54   -24729.384   -24725.145    -24877.41 
   73800    10.136173   -841544.29   -24718.889   -24757.647   -24886.446 
   73900    10.159291   -841547.18   -24724.345   -24753.826   -24904.287 
   74000    10.201821   -841550.87   -24732.611   -24768.571     -24927.1 
   74100    10.182008   -841553.31   -24747.362   -24788.798   -24926.863 
   74200    10.188718   -841555.93    -24735.84   -24780.349   -24937.648 
   74300     10.14338   -841558.09   -24725.743   -24771.947   -24937.868 
   74400    10.137505   -841560.55   -24752.443    -24778.68   -24951.024 
   74500    10.153128   -841564.14   -24747.293   -24781.847   -24942.763 
   74600    10.207937   -841566.92   -24760.981   -24777.737   -24961.184 
   74700    10.190184    -841569.6   -24786.255   -24788.566   -24968.677 
   74800    10.158206   -841571.75   -24746.214   -24795.667    -24981.53 
   74900    10.140621   -841574.91   -24764.246   -24803.173   -24989.617 
   75000    10.124236   -841578.39     -24764.8   -24817.408   -24988.632 
   75100    10.130205   -841580.74   -24773.267   -24822.107   -24989.948 
   75200      10.1312   -841583.85   -24780.925    -24819.64   -25015.406 
   75300    10.124855   -841587.28   -24781.392   -24809.933   -25015.682 
   75400    10.130677   -841589.61    -24788.45    -24842.68   -25030.284 
   75500    10.150551   -841592.49   -24784.578   -24857.655   -25050.128 
   75600    10.140504   -841595.64   -24780.745   -24845.379   -25045.312 
   75700    10.105427   -841600.06   -24805.063   -24860.563   -25051.291 
   75800    10.116734   -841603.08   -24802.242   -24871.368   -25056.925 
   75900    10.119476   -841606.21   -24805.351   -24860.699   -25058.489 
   76000    10.106604   -841609.56   -24823.178   -24865.803   -25064.211 
   76100    10.075965   -841612.13   -24818.848    -24885.89   -25051.189 
   76200    10.088461   -841615.19   -24839.872   -24892.861   -25074.081 
   76300    10.124624   -841618.38   -24843.617    -24899.34   -25069.748 
   76400    10.115393   -841621.23   -24847.099   -24923.459   -25088.235 
   76500     10.08799   -841623.67   -24846.816   -24909.262   -25094.795 
   76600    10.100893   -841626.34   -24841.598   -24924.767   -25078.878 
   76700    10.112504   -841628.69   -24879.618   -24920.626   -25100.515 
   76800    10.103314   -841630.81   -24854.358   -24932.743   -25087.466 
   76900    10.083493   -841633.61   -24872.411   -24933.319   -25107.438 
   77000    10.073473   -841636.37   -24883.812   -24929.346   -25099.546 
   77100    10.080348    -841638.8   -24857.037   -24940.101    -25117.84 
   77200    10.066818   -841641.46   -24884.393   -24943.246   -25123.833 
   77300    10.097896   -841644.08   -24885.896   -24957.472     -25126.6 
   77400    10.062812   -841646.39   -24871.446   -24942.452   -25146.729 
   77500     10.08949   -841649.73   -24899.074   -24947.726   -25144.645 
   77600    10.073601   -841652.32   -24904.542   -24967.752   -25155.284 
   77700    10.077015   -841654.59   -24921.666   -24992.081   -25163.344 
   77800    10.084114   -841656.73   -24906.256   -24982.308   -25163.389 
   77900    10.076016   -841659.71   -24933.306   -24980.225   -25174.244 
   78000    10.066273   -841661.62   -24926.381   -24986.713   -25182.877 
   78100    10.052757   -841663.77    -24932.51   -25003.043   -25194.043 
   78200    10.097697   -841666.61   -24948.756   -24994.932   -25188.176 
   78300    10.100931   -841668.84   -24948.943   -25008.573   -25196.622 
   78400    10.086099   -841671.04   -24943.603   -24997.418   -25194.584 
   78500    10.102346   -841673.02   -24976.647   -25001.811    -25214.14 
   78600    10.096419   -841675.97    -24962.08   -25018.488   -25222.813 
   78700    10.089871   -841678.47    -24972.67   -25010.028   -25210.175 
   78800    10.097003   -841680.73   -24961.074   -25047.862   -25219.017 
   78900    10.087812    -841683.2   -24970.085    -25040.11   -25238.544 
   79000    10.118791   -841685.77   -24981.802   -25041.837   -25232.849 
   79100     10.10646   -841687.58   -24985.224   -25022.847   -25221.674 
   79200    10.112178   -841689.96   -24984.152   -25046.148   -25250.103 
   79300    10.102269   -841692.87   -24999.496   -25060.295   -25244.713 
   79400    10.106825   -841696.85   -25001.983   -25058.227   -25227.332 
   79500    10.156569   -841700.04   -25020.349   -25073.172   -25257.872 
   79600    10.116562   -841702.16   -25019.599   -25074.999   -25265.924 
   79700    10.151103   -841704.83   -25030.138   -25076.453   -25271.141 
   79800     10.14101   -841707.15   -25037.397   -25095.212   -25277.464 
   79900    10.102746   -841709.48   -25011.689   -25074.571    -25274.36 
   80000    10.080234   -841711.65   -25046.879   -25079.458   -25287.757 
   80100    10.080638   -841714.13    -25030.41   -25077.423   -25289.978 
   80200     10.07644   -841717.09   -25035.995   -25098.467   -25294.822 
   80300    10.094139   -841720.68   -25047.681   -25109.279   -25324.067 
   80400     10.08109   -841722.76   -25037.904   -25124.329   -25310.164 
   80500    10.090235   -841725.72   -25067.678   -25093.075   -25335.717 
   80600    10.088713   -841728.37    -25059.12   -25121.964   -25342.148 
   80700    10.095706   -841731.22   -25067.902    -25139.32   -25334.513 
   80800    10.070516   -841733.32   -25087.211   -25125.117   -25337.799 
   80900    10.085379   -841736.22   -25064.439   -25130.371   -25344.739 
   81000     10.10661   -841739.03   -25093.071   -25142.306   -25330.675 
   81100    10.065486   -841741.09    -25094.81   -25149.582   -25354.348 
   81200    10.089991   -841743.58   -25097.378   -25138.593   -25338.766 
   81300    10.060467   -841746.36   -25108.262   -25166.492   -25362.487 
   81400    10.056035   -841748.74   -25094.022   -25161.802   -25370.014 
   81500    10.059686   -841750.64   -25110.279   -25152.562   -25376.751 
   81600    10.056499   -841753.97   -25122.324    -25157.83   -25363.189 
   81700    10.060854   -841757.63    -25112.65   -25177.723   -25380.528 
   81800    10.058285   -841759.92   -25144.791   -25189.392   -25393.663 
   81900    10.071988    -841761.7   -25121.712   -25173.052   -25409.561 
   82000     10.06322   -841763.48   -25138.629    -25184.09   -25386.545 
   82100    10.029901   -841765.59   -25139.065   -25196.832   -25410.624 
   82200    10.016771    -841767.2   -25144.461   -25175.063   -25418.992 
   82300    10.053328   -841769.68   -25147.579   -25198.132   -25414.184 
   82400     10.04121   -841771.57   -25153.235   -25206.849   -25424.635 
   82500    10.064015   -841773.98   -25149.421   -25206.535   -25429.629 
   82600    10.078598    -841776.1   -25171.467   -25204.327   -25425.231 
   82700    10.114346   -841779.13   -25166.205   -25228.228   -25436.937 
   82800    10.073251   -841781.28   -25172.975   -25221.516   -25445.228 
   82900    10.107807   -841783.83   -25180.376   -25211.896   -25463.064 
   83000    10.087269   -841785.99   -25201.946   -25234.598   -25442.727 
   83100     10.08319    -841787.6   -25196.693   -25229.847   -25443.992 
   83200    10.067194   -841790.33    -25206.23   -25236.322   -25466.569 
   83300    10.112491   -841793.09   -25202.971    -25237.07   -25471.869 
   83400    10.116493   -841794.99   -25211.437   -25233.842   -25454.659 
   83500    10.099305   -841796.94   -25201.333   -25257.683   -25468.849 
   83600    10.096649   -841799.13   -25211.402   -25252.993   -25470.367 
   83700    10.087843   -841801.75   -25227.039   -25254.172   -25476.932 
   83800    10.072154   -841803.66   -25209.908   -25240.202   -25494.495 
   83900    10.062802   -841806.31   -25222.714    -25258.97   -25503.508 
   84000    10.067488   -841808.55    -25217.05   -25260.598    -25492.35 
   84100    10.067222   -841811.66   -25227.061    -25262.85   -25495.726 
   84200    10.080084   -841815.09   -25240.488   -25277.661   -25517.271 
   84300    10.103411   -841817.83   -25230.857   -25287.342   -25518.397 
   84400    10.097536   -841819.73   -25246.257   -25278.137   -25515.435 
   84500    10.085291   -841821.69   -25253.181   -25304.526   -25530.137 
   84600    10.077264   -841823.61   -25251.872   -25308.289   -25543.999 
   84700    10.059017   -841826.15   -25262.263   -25300.734   -25531.123 
   84800    10.033028   -841828.53   -25265.565   -25293.797   -25528.749 
   84900    10.079304   -841831.14    -25256.75   -25327.327   -25544.905 
   85000    10.060198   -841832.94   -25290.306   -25329.226   -25553.965 
   85100    10.072708   -841835.41   -25262.926   -25334.734   -25564.787 
   85200    10.013015   -841837.27   -25275.138   -25326.217   -25551.944 
   85300    9.9990322   -841838.99   -25281.383   -25342.919   -25569.459 
   85400    10.084913   -841842.69   -25276.588   -25349.728   -25583.554 
   85500    10.085608   -841845.09   -25314.803   -25345.304   -25571.198 
   85600    10.069299   -841847.09   -25306.663   -25365.975   -25577.058 
   85700    10.101365   -841849.51   -25301.205   -25373.604    -25574.46 
   85800    10.067188   -841851.47   -25295.374   -25374.804   -25599.943 
   85900     10.03918   -841852.98    -25303.72    -25348.39   -25590.375 
   86000    10.053537   -841855.03   -25300.392   -25376.465   -25599.528 
   86100    10.038176   -841856.99    -25307.79   -25367.497   -25575.856 
   86200    10.011502   -841858.83   -25317.247   -25371.098   -25587.424 
   86300    10.022426    -841860.7   -25310.854   -25356.854   -25606.944 
   86400    10.031974   -841862.77    -25332.72   -25387.455   -25597.462 
   86500    10.039126    -841865.7   -25350.347   -25380.347   -25633.725 
   86600     10.02742   -841867.38   -25338.146   -25371.714   -25617.568 
   86700    10.032096   -841869.47   -25334.459   -25397.177   -25637.682 
   86800    10.038414   -841871.64   -25349.918   -25393.137   -25634.849 
   86900    10.032591   -841873.21    -25357.26   -25405.149   -25641.399 
   87000    10.046575   -841874.84   -25358.009   -25395.852   -25626.042 
   87100    10.077405   -841877.72   -25374.081   -25411.141   -25644.006  
